Hashsize	Subject	Cross Validation Fold	Model	Training Accuracy	Training F-Score	Test Accuracy	Test F-Score	Time to Evaluate Model
1000	1	1	1	92.1153846154	0.8193832599	92.1153846154	0.8193832599	14.8984370232
1000	1	1	2	80.7692307692	0.375	80.7692307692	0.375	31.5968930721
1000	1	1	3	76.1538461538	-1	76.1538461538	-1	20.4675209522
1000	1	2	1	91.9230769231	0.8205128205	91.9230769231	0.8205128205	15.207461834
1000	1	2	2	79.8076923077	0.3930635838	79.8076923077	0.3930635838	33.0730659962
1000	1	2	3	77.1153846154	-1	77.1153846154	-1	19.309773922
1000	1	3	1	93.6538461538	0.8493150685	93.6538461538	0.8493150685	13.8623719215
1000	1	3	2	78.8461538462	0.4086021505	78.8461538462	0.4086021505	32.4998519421
1000	1	3	3	76.9230769231	-1	76.9230769231	-1	19.5360050201
1000	1	4	1	93.6538461538	0.8421052632	93.6538461538	0.8421052632	14.5424041748
1000	1	4	2	80.1923076923	0.4046242775	80.1923076923	0.4046242775	32.9868838787
1000	1	4	3	77.3076923077	-1	77.3076923077	-1	18.7692039013
1000	1	5	1	92.3076923077	0.8214285714	92.3076923077	0.8214285714	15.7023291588
1000	1	5	2	77.5	-1	77.5	-1	32.4850640297
1000	1	5	3	77.5	-1	77.5	-1	18.8033270836
1000	1	6	1	92.6923076923	0.8240740741	92.6923076923	0.8240740741	15.2198359966
1000	1	6	2	80.3846153846	0.3780487805	80.3846153846	0.3780487805	33.0519330502
1000	1	6	3	76.7307692308	-1	76.7307692308	-1	19.2856421471
1000	1	7	1	92.6923076923	0.8333333333	92.6923076923	0.8333333333	15.1567840576
1000	1	7	2	79.0384615385	0.4232804233	79.0384615385	0.4232804233	32.315459013
1000	1	7	3	77.1153846154	-1	77.1153846154	-1	18.7269380093
1000	1	8	1	91.9230769231	0.8090909091	91.9230769231	0.8090909091	14.8303968906
1000	1	8	2	76.9230769231	0.4392523364	76.9230769231	0.4392523364	33.1154382229
1000	1	8	3	75.9615384615	-1	75.9615384615	-1	18.5320210457
1000	1	9	1	91.7307692308	0.7981220657	91.7307692308	0.7981220657	15.1201329231
1000	1	9	2	79.0384615385	0.4784688995	79.0384615385	0.4784688995	32.0041790009
1000	1	9	3	77.8846153846	-1	77.8846153846	-1	18.8775360584
1000	1	10	1	92.3076923077	0.8165137615	92.3076923077	0.8165137615	14.2460460663
1000	1	10	2	80.9615384615	0.4705882353	80.9615384615	0.4705882353	31.1185851097
1000	1	10	3	76.7307692308	-1	76.7307692308	-1	18.7347230911
1000	2	1	1	94.6153846154	0.7741935484	94.6153846154	0.7741935484	15.0663661957
1000	2	1	2	89.0384615385	0.2597402597	89.0384615385	0.2597402597	33.240254879
1000	2	1	3	87.3076923077	-1	87.3076923077	-1	18.8300018311
1000	2	2	1	94.2307692308	0.7692307692	94.2307692308	0.7692307692	14.6985991001
1000	2	2	2	86.7307692308	0.2247191011	86.7307692308	0.2247191011	31.4752008915
1000	2	2	3	85	-1	85	-1	18.1655900478
1000	2	3	1	94.2307692308	0.7540983607	94.2307692308	0.7540983607	14.9382851124
1000	2	3	2	86.1538461538	0.0526315789	86.1538461538	0.0526315789	32.9594478607
1000	2	3	3	85.9615384615	-1	85.9615384615	-1	19.0831298828
1000	2	4	1	94.8076923077	0.7906976744	94.8076923077	0.7906976744	14.9196748734
1000	2	4	2	85.9615384615	-1	85.9615384615	-1	33.3734807968
1000	2	4	3	85.9615384615	-1	85.9615384615	-1	18.2584769726
1000	2	5	1	92.6923076923	0.7323943662	92.6923076923	0.7323943662	14.871958971
1000	2	5	2	85.7692307692	0.3148148148	85.7692307692	0.3148148148	33.4465811253
1000	2	5	3	84.6153846154	-1	84.6153846154	-1	18.9504001141
1000	2	6	1	92.3076923077	0.7435897436	92.3076923077	0.7435897436	15.3771400452
1000	2	6	2	84.2307692308	0.3387096774	84.2307692308	0.3387096774	32.3381969929
1000	2	6	3	83.8461538462	-1	83.8461538462	-1	21.2675898075
1000	2	7	1	94.4230769231	0.7786259542	94.4230769231	0.7786259542	16.7148489952
1000	2	7	2	85.9615384615	0.0759493671	85.9615384615	0.0759493671	34.691824913
1000	2	7	3	85.7692307692	-1	85.7692307692	-1	19.7963809967
1000	2	8	1	94.6153846154	0.7878787879	94.6153846154	0.7878787879	14.295083046
1000	2	8	2	85	-1	85	-1	34.2755749226
1000	2	8	3	85	-1	85	-1	21.0165338516
1000	2	9	1	94.0384615385	0.7438016529	94.0384615385	0.7438016529	16.7486858368
1000	2	9	2	87.5	-1	87.5	-1	36.6007890701
1000	2	9	3	87.5	-1	87.5	-1	21.6335220337
1000	2	10	1	93.8461538462	0.75	93.8461538462	0.75	16.0104579926
1000	2	10	2	87.6923076923	0.3043478261	87.6923076923	0.3043478261	35.8455889225
1000	2	10	3	86.1538461538	-1	86.1538461538	-1	21.2793750763
1000	3	1	1	97.1153846154	0.8739495798	97.1153846154	0.8739495798	16.4972419739
1000	3	1	2	88.4615384615	-1	88.4615384615	-1	35.8829069138
1000	3	1	3	88.4615384615	-1	88.4615384615	-1	21.8933598995
1000	3	2	1	96.7307692308	0.8316831683	96.7307692308	0.8316831683	16.1229879856
1000	3	2	2	89.0384615385	-1	89.0384615385	-1	35.7052218914
1000	3	2	3	89.0384615385	-1	89.0384615385	-1	20.7626311779
1000	3	3	1	96.1538461538	0.8387096774	96.1538461538	0.8387096774	16.944008112
1000	3	3	2	88.4615384615	-1	88.4615384615	-1	35.7792758942
1000	3	3	3	88.4615384615	-1	88.4615384615	-1	21.6271898746
1000	3	4	1	96.5384615385	0.8615384615	96.5384615385	0.8615384615	16.3716471195
1000	3	4	2	87.5	-1	87.5	-1	37.0673141479
1000	3	4	3	87.5	-1	87.5	-1	20.7938661575
1000	3	5	1	96.7307692308	0.8411214953	96.7307692308	0.8411214953	16.5636451244
1000	3	5	2	90	-1	90	-1	36.1780519485
1000	3	5	3	90	-1	90	-1	21.1775951385
1000	3	6	1	97.1153846154	0.8739495798	97.1153846154	0.8739495798	15.7437319756
1000	3	6	2	88.4615384615	-1	88.4615384615	-1	35.7891879082
1000	3	6	3	88.4615384615	-1	88.4615384615	-1	21.7271990776
1000	3	7	1	96.3461538462	0.8403361345	96.3461538462	0.8403361345	16.2117021084
1000	3	7	2	90.1923076923	0.32	90.1923076923	0.32	36.8770720959
1000	3	7	3	88.6538461538	-1	88.6538461538	-1	21.452051878
1000	3	8	1	96.1538461538	0.8333333333	96.1538461538	0.8333333333	16.1814329624
1000	3	8	2	88.0769230769	-1	88.0769230769	-1	36.1528060436
1000	3	8	3	88.0769230769	-1	88.0769230769	-1	20.8618838787
1000	3	9	1	97.3076923077	0.8703703704	97.3076923077	0.8703703704	16.681440115
1000	3	9	2	89.4230769231	-1	89.4230769231	-1	36.2169129848
1000	3	9	3	89.4230769231	-1	89.4230769231	-1	20.9379911423
1000	3	10	1	96.7307692308	0.8571428571	96.7307692308	0.8571428571	16.1913061142
1000	3	10	2	88.2692307692	-1	88.2692307692	-1	36.3652989864
1000	3	10	3	88.2692307692	-1	88.2692307692	-1	21.1153848171
1000	4	1	1	99.2307692308	0.9591836735	99.2307692308	0.9591836735	16.1439900398
1000	4	1	2	92.8846153846	0.5194805195	92.8846153846	0.5194805195	36.4490640163
1000	4	1	3	90.3846153846	-1	90.3846153846	-1	21.8792150021
1000	4	2	1	98.8461538462	0.9318181818	98.8461538462	0.9318181818	15.7756140232
1000	4	2	2	92.6923076923	0.5128205128	92.6923076923	0.5128205128	36.2230770588
1000	4	2	3	91.1538461538	-1	91.1538461538	-1	20.9119360447
1000	4	3	1	99.0384615385	0.9438202247	99.0384615385	0.9438202247	16.3388400078
1000	4	3	2	92.1153846154	0.5287356322	92.1153846154	0.5287356322	36.4058470726
1000	4	3	3	91.1538461538	-1	91.1538461538	-1	21.7870321274
1000	4	4	1	99.2307692308	-1	99.2307692308	-1	16.6151769161
1000	4	4	2	91.9230769231	0.487804878	91.9230769231	0.487804878	37.2950980663
1000	4	4	3	90.1923076923	-1	90.1923076923	-1	20.5953669548
1000	4	5	1	99.2307692308	-1	99.2307692308	-1	16.4528319836
1000	4	5	2	92.5	0.5301204819	92.5	0.5301204819	37.1382710934
1000	4	5	3	91.7307692308	-1	91.7307692308	-1	21.4880580902
1000	4	6	1	98.4615384615	0.9215686275	98.4615384615	0.9215686275	15.9973278046
1000	4	6	2	93.0769230769	0.6326530612	93.0769230769	0.6326530612	36.0681488514
1000	4	6	3	90	-1	90	-1	20.872079134
1000	4	7	1	99.4230769231	-1	99.4230769231	-1	16.2927820683
1000	4	7	2	92.3076923077	0.5238095238	92.3076923077	0.5238095238	36.2705850601
1000	4	7	3	91.5384615385	-1	91.5384615385	-1	21.7524950504
1000	4	8	1	99.2307692308	-1	99.2307692308	-1	16.133491993
1000	4	8	2	93.0769230769	0.6170212766	93.0769230769	0.6170212766	36.4229269028
1000	4	8	3	90.3846153846	-1	90.3846153846	-1	20.9259519577
1000	4	9	1	98.8461538462	0.9387755102	98.8461538462	0.9387755102	15.7961640358
1000	4	9	2	93.2692307692	0.5569620253	93.2692307692	0.5569620253	37.2150928974
1000	4	9	3	90.3846153846	-1	90.3846153846	-1	21.0391821861
1000	4	10	1	99.2307692308	0.9591836735	99.2307692308	0.9591836735	16.5287230015
1000	4	10	2	90.9615384615	0.6050420168	90.9615384615	0.6050420168	37.1001629829
1000	4	10	3	90.3846153846	-1	90.3846153846	-1	20.6122939587
1000	5	1	1	98.0769230769	0.8717948718	98.0769230769	0.8717948718	16.1622571945
1000	5	1	2	93.0769230769	0.5384615385	93.0769230769	0.5384615385	35.4930970669
1000	5	1	3	91.9230769231	-1	91.9230769231	-1	21.3069450855
1000	5	2	1	97.1153846154	0.8192771084	97.1153846154	0.8192771084	16.4229009151
1000	5	2	2	93.8461538462	0.5555555556	93.8461538462	0.5555555556	38.029405117
1000	5	2	3	91.1538461538	-1	91.1538461538	-1	22.0271520615
1000	5	3	1	98.0769230769	0.8648648649	98.0769230769	0.8648648649	18.1606659889
1000	5	3	2	92.8846153846	0.5432098765	92.8846153846	0.5432098765	39.075605154
1000	5	3	3	92.5	-1	92.5	-1	21.8297531605
1000	5	4	1	98.4615384615	0.9047619048	98.4615384615	0.9047619048	17.3735079765
1000	5	4	2	91.7307692308	-1	91.7307692308	-1	38.8167748451
1000	5	4	3	91.7307692308	-1	91.7307692308	-1	23.5120420456
1000	5	5	1	97.6923076923	0.85	97.6923076923	0.85	18.1544129848
1000	5	5	2	93.8461538462	0.6	93.8461538462	0.6	39.4751541615
1000	5	5	3	91.9230769231	-1	91.9230769231	-1	23.1240179539
1000	5	6	1	97.6923076923	0.8333333333	97.6923076923	0.8333333333	18.4412000179
1000	5	6	2	94.4230769231	0.5671641791	94.4230769231	0.5671641791	39.2691178322
1000	5	6	3	92.5	-1	92.5	-1	22.4198880196
1000	5	7	1	98.2692307692	0.8888888889	98.2692307692	0.8888888889	17.0108258724
1000	5	7	2	91.9230769231	0.5714285714	91.9230769231	0.5714285714	39.0031578541
1000	5	7	3	91.7307692308	-1	91.7307692308	-1	23.0040819645
1000	5	8	1	99.0384615385	0.9333333333	99.0384615385	0.9333333333	18.0859677792
1000	5	8	2	93.2692307692	0.5569620253	93.2692307692	0.5569620253	39.2298369408
1000	5	8	3	92.6923076923	-1	92.6923076923	-1	22.6104719639
1000	5	9	1	97.6923076923	0.8333333333	97.6923076923	0.8333333333	17.9008040428
1000	5	9	2	93.8461538462	0.5789473684	93.8461538462	0.5789473684	39.2825460434
1000	5	9	3	92.6923076923	-1	92.6923076923	-1	22.9812600613
1000	5	10	1	98.0769230769	0.8571428571	98.0769230769	0.8571428571	17.3199629784
1000	5	10	2	93.0769230769	0.5609756098	93.0769230769	0.5609756098	38.9642670155
1000	5	10	3	92.6923076923	-1	92.6923076923	-1	22.1980261803
1000	6	1	1	99.0384615385	-1	99.0384615385	-1	15.7746479511
1000	6	1	2	95	-1	95	-1	37.9401171207
1000	6	1	3	95	-1	95	-1	22.8574090004
1000	6	2	1	98.2692307692	0.8301886792	98.2692307692	0.8301886792	17.3055689335
1000	6	2	2	94.2307692308	-1	94.2307692308	-1	38.8782711029
1000	6	2	3	94.2307692308	-1	94.2307692308	-1	22.0043570995
1000	6	3	1	98.8461538462	0.875	98.8461538462	0.875	18.750770092
1000	6	3	2	95.1923076923	-1	95.1923076923	-1	39.9691338539
1000	6	3	3	95.1923076923	-1	95.1923076923	-1	22.8466689587
1000	6	4	1	98.6538461538	-1	98.6538461538	-1	17.2153189182
1000	6	4	2	94.2307692308	-1	94.2307692308	-1	39.124974966
1000	6	4	3	94.2307692308	-1	94.2307692308	-1	22.2061491013
1000	6	5	1	99.0384615385	0.9019607843	99.0384615385	0.9019607843	17.8001558781
1000	6	5	2	95	-1	95	-1	39.2746829987
1000	6	5	3	95	-1	95	-1	23.2828910351
1000	6	6	1	98.6538461538	0.8372093023	98.6538461538	0.8372093023	18.1345911026
1000	6	6	2	95.5769230769	-1	95.5769230769	-1	39.5963439941
1000	6	6	3	95.5769230769	-1	95.5769230769	-1	22.2293920517
1000	6	7	1	98.8461538462	-1	98.8461538462	-1	17.1026010513
1000	6	7	2	94.8076923077	-1	94.8076923077	-1	38.6221909523
1000	6	7	3	94.8076923077	-1	94.8076923077	-1	21.4980239868
1000	6	8	1	98.8461538462	-1	98.8461538462	-1	16.8712158203
1000	6	8	2	97.5	0.7111111111	97.5	0.7111111111	38.9361929893
1000	6	8	3	95	-1	95	-1	22.8305358887
1000	6	9	1	98.6538461538	-1	98.6538461538	-1	17.4278578758
1000	6	9	2	94.6153846154	-1	94.6153846154	-1	40.0966608524
1000	6	9	3	94.6153846154	-1	94.6153846154	-1	22.3368430138
1000	6	10	1	98.8461538462	0.88	98.8461538462	0.88	17.7164180279
1000	6	10	2	95	-1	95	-1	39.6559550762
1000	6	10	3	95	-1	95	-1	22.8836770058
1000	7	1	1	99.2307692308	0.8461538462	99.2307692308	0.8461538462	17.0347008705
1000	7	1	2	97.3076923077	-1	97.3076923077	-1	39.6239509583
1000	7	1	3	97.3076923077	-1	97.3076923077	-1	22.8684229851
1000	7	2	1	98.8461538462	0.7857142857	98.8461538462	0.7857142857	17.227725029
1000	7	2	2	97.3076923077	-1	97.3076923077	-1	38.5155220032
1000	7	2	3	97.3076923077	-1	97.3076923077	-1	22.4113390446
1000	7	3	1	98.8461538462	0.8	98.8461538462	0.8	17.3610010147
1000	7	3	2	97.3076923077	-1	97.3076923077	-1	38.306853056
1000	7	3	3	97.3076923077	-1	97.3076923077	-1	23.1268470287
1000	7	4	1	99.6153846154	-1	99.6153846154	-1	17.2730360031
1000	7	4	2	97.6923076923	-1	97.6923076923	-1	38.4385530949
1000	7	4	3	97.6923076923	-1	97.6923076923	-1	22.8570699692
1000	7	5	1	99.2307692308	0.8888888889	99.2307692308	0.8888888889	17.994631052
1000	7	5	2	96.3461538462	-1	96.3461538462	-1	40.062253952
1000	7	5	3	96.3461538462	-1	96.3461538462	-1	22.223099947
1000	7	6	1	99.0384615385	0.8275862069	99.0384615385	0.8275862069	16.8500659466
1000	7	6	2	97.1153846154	-1	97.1153846154	-1	40.7128369808
1000	7	6	3	97.1153846154	-1	97.1153846154	-1	22.8432359695
1000	7	7	1	99.0384615385	0.8387096774	99.0384615385	0.8387096774	17.2669301033
1000	7	7	2	97.3076923077	-1	97.3076923077	-1	38.2562839985
1000	7	7	3	97.3076923077	-1	97.3076923077	-1	22.5564250946
1000	7	8	1	99.0384615385	0.8275862069	99.0384615385	0.8275862069	17.3141949177
1000	7	8	2	97.1153846154	-1	97.1153846154	-1	39.2045459747
1000	7	8	3	97.1153846154	-1	97.1153846154	-1	23.290553093
1000	7	9	1	98.6538461538	0.8	98.6538461538	0.8	17.4635241032
1000	7	9	2	96.7307692308	-1	96.7307692308	-1	38.7581179142
1000	7	9	3	96.7307692308	-1	96.7307692308	-1	22.7934179306
1000	7	10	1	99.0384615385	0.8148148148	99.0384615385	0.8148148148	17.6234169006
1000	7	10	2	97.1153846154	-1	97.1153846154	-1	40.0636048317
1000	7	10	3	97.1153846154	-1	97.1153846154	-1	22.0687189102
1000	8	1	1	99.8076923077	-1	99.8076923077	-1	17.1272289753
1000	8	1	2	98.0769230769	-1	98.0769230769	-1	38.9417059422
1000	8	1	3	98.0769230769	-1	98.0769230769	-1	21.5346968174
1000	8	2	1	99.6153846154	0.9285714286	99.6153846154	0.9285714286	18.1520171165
1000	8	2	2	97.3076923077	-1	97.3076923077	-1	39.4335510731
1000	8	2	3	97.3076923077	-1	97.3076923077	-1	22.941106081
1000	8	3	1	100	-1	100	-1	18.3917300701
1000	8	3	2	98.0769230769	-1	98.0769230769	-1	39.2890629768
1000	8	3	3	98.0769230769	-1	98.0769230769	-1	22.4897999763
1000	8	4	1	99.8076923077	-1	99.8076923077	-1	18.0852599144
1000	8	4	2	97.8846153846	-1	97.8846153846	-1	38.6021740437
1000	8	4	3	97.8846153846	-1	97.8846153846	-1	22.2150449753
1000	8	5	1	99.6153846154	0.9090909091	99.6153846154	0.9090909091	17.2085781097
1000	8	5	2	98.4615384615	0.5	98.4615384615	0.5	38.9292161465
1000	8	5	3	97.8846153846	-1	97.8846153846	-1	22.5887551308
1000	8	6	1	100	-1	100	-1	17.9960360527
1000	8	6	2	97.5	-1	97.5	-1	39.9352419376
1000	8	6	3	97.5	-1	97.5	-1	23.0132040977
1000	8	7	1	99.6153846154	0.9230769231	99.6153846154	0.9230769231	17.4899938107
1000	8	7	2	97.5	-1	97.5	-1	39.1896359921
1000	8	7	3	97.5	-1	97.5	-1	22.9473178387
1000	8	8	1	99.6153846154	0.9166666667	99.6153846154	0.9166666667	17.7530019283
1000	8	8	2	97.6923076923	-1	97.6923076923	-1	39.3053131104
1000	8	8	3	97.6923076923	-1	97.6923076923	-1	22.0615620613
1000	8	9	1	99.4230769231	0.8965517241	99.4230769231	0.8965517241	19.4756610394
1000	8	9	2	97.3076923077	-1	97.3076923077	-1	39.790448904
1000	8	9	3	97.3076923077	-1	97.3076923077	-1	22.4062860012
1000	8	10	1	99.6153846154	0.9166666667	99.6153846154	0.9166666667	16.7121119499
1000	8	10	2	98.0769230769	0.375	98.0769230769	0.375	38.331040144
1000	8	10	3	97.6923076923	-1	97.6923076923	-1	23.2411029339
1000	9	1	1	99.4230769231	0.8965517241	99.4230769231	0.8965517241	17.4404690266
1000	9	1	2	97.3076923077	-1	97.3076923077	-1	38.869852066
1000	9	1	3	97.3076923077	-1	97.3076923077	-1	22.3369059563
1000	9	2	1	99.2307692308	0.8461538462	99.2307692308	0.8461538462	17.2987139225
1000	9	2	2	97.3076923077	-1	97.3076923077	-1	39.6589100361
1000	9	2	3	97.3076923077	-1	97.3076923077	-1	22.1036009789
1000	9	3	1	98.6538461538	0.7878787879	98.6538461538	0.7878787879	17.4338490963
1000	9	3	2	96.9230769231	-1	96.9230769231	-1	39.3219401836
1000	9	3	3	96.9230769231	-1	96.9230769231	-1	22.6042878628
1000	9	4	1	98.8461538462	0.8125	98.8461538462	0.8125	17.4129769802
1000	9	4	2	97.1153846154	-1	97.1153846154	-1	38.6942310333
1000	9	4	3	97.1153846154	-1	97.1153846154	-1	22.619697094
1000	9	5	1	99.4230769231	0.88	99.4230769231	0.88	18.0011909008
1000	9	5	2	97.6923076923	-1	97.6923076923	-1	38.8306429386
1000	9	5	3	97.6923076923	-1	97.6923076923	-1	22.2718238831
1000	9	6	1	99.6153846154	0.9230769231	99.6153846154	0.9230769231	17.5066010952
1000	9	6	2	97.5	-1	97.5	-1	39.6363739967
1000	9	6	3	97.5	-1	97.5	-1	21.7426199913
1000	9	7	1	98.8461538462	0.8	98.8461538462	0.8	17.8639512062
1000	9	7	2	97.5	-1	97.5	-1	39.6732668877
1000	9	7	3	97.5	-1	97.5	-1	23.7105588913
1000	9	8	1	99.4230769231	0.8695652174	99.4230769231	0.8695652174	16.6851580143
1000	9	8	2	97.8846153846	-1	97.8846153846	-1	38.7045710087
1000	9	8	3	97.8846153846	-1	97.8846153846	-1	22.1804869175
1000	9	9	1	99.4230769231	0.88	99.4230769231	0.88	17.7761449814
1000	9	9	2	97.6923076923	-1	97.6923076923	-1	39.7065730095
1000	9	9	3	97.6923076923	-1	97.6923076923	-1	22.3552260399
1000	9	10	1	99.2307692308	0.8	99.2307692308	0.8	17.7340250015
1000	9	10	2	98.2692307692	-1	98.2692307692	-1	38.3491811752
1000	9	10	3	98.2692307692	-1	98.2692307692	-1	22.8173539639
1000	10	1	1	99.0384615385	0.7368421053	99.0384615385	0.7368421053	17.478771925
1000	10	1	2	99.0384615385	0.7058823529	99.0384615385	0.7058823529	40.0433239937
1000	10	1	3	98.4615384615	-1	98.4615384615	-1	21.9985880852
1000	10	2	1	99.6153846154	0.9090909091	99.6153846154	0.9090909091	17.2346529961
1000	10	2	2	99.4230769231	0.8571428571	99.4230769231	0.8571428571	38.2232270241
1000	10	2	3	97.8846153846	-1	97.8846153846	-1	22.6733911037
1000	10	3	1	99.4230769231	0.8571428571	99.4230769231	0.8571428571	18.4012639523
1000	10	3	2	99.2307692308	-1	99.2307692308	-1	38.522539854
1000	10	3	3	98.0769230769	-1	98.0769230769	-1	22.1231710911
1000	10	4	1	99.2307692308	0.8666666667	99.2307692308	0.8666666667	18.0564370155
1000	10	4	2	98.6538461538	-1	98.6538461538	-1	39.030684948
1000	10	4	3	97.3076923077	-1	97.3076923077	-1	22.5561499596
1000	10	5	1	99.0384615385	0.8148148148	99.0384615385	0.8148148148	18.2093880177
1000	10	5	2	99.4230769231	0.88	99.4230769231	0.88	39.244852066
1000	10	5	3	97.6923076923	-1	97.6923076923	-1	22.4181940556
1000	10	6	1	99.4230769231	0.8235294118	99.4230769231	0.8235294118	17.5287759304
1000	10	6	2	98.6538461538	-1	98.6538461538	-1	38.6955039501
1000	10	6	3	98.4615384615	-1	98.4615384615	-1	21.885504961
1000	10	7	1	99.4230769231	0.8571428571	99.4230769231	0.8571428571	17.1981358528
1000	10	7	2	99.4230769231	-1	99.4230769231	-1	37.8910291195
1000	10	7	3	98.0769230769	-1	98.0769230769	-1	21.4988980293
1000	10	8	1	99.4230769231	0.8235294118	99.4230769231	0.8235294118	16.8954660892
1000	10	8	2	99.6153846154	0.875	99.6153846154	0.875	40.1690471172
1000	10	8	3	98.4615384615	-1	98.4615384615	-1	22.6050140858
1000	10	9	1	99.4230769231	-1	99.4230769231	-1	17.1039278507
1000	10	9	2	99.6153846154	0.9090909091	99.6153846154	0.9090909091	39.0399680138
1000	10	9	3	97.8846153846	-1	97.8846153846	-1	21.7725331783
1000	10	10	1	99.6153846154	0.8888888889	99.6153846154	0.8888888889	17.3144469261
1000	10	10	2	98.8461538462	-1	98.8461538462	-1	37.7728681564
1000	10	10	3	98.2692307692	-1	98.2692307692	-1	22.1194360256
